51192263040
51192262912
46494642432
23006540032
23006540160
46494642560
41797021952
41797022080
60587504000
27704160512
27704160640
60587503872
65285124352
55889883520
37099401472
37099401600
55889883392
65285124480
13611299200
32401781120
32401780992
13611299072
18308919552
18308919680
8913678720
8913678592
4216058240
4216058112
3947622784
3947622656
65428837632
65428837760
8645243264
8645243136
60731217152
60731217280
13342863744
13342863616
56033596800
18040484096
22738104704
51335976320
51335976192
22738104576
56033596672
18040484224
32133345536
32133345664
27435725184
27435725056
36830966144
46638355712
36830966016
46638355840
41940735360
41940735232
41528586624
41528586496
46226207104
46226206976
55621447936
37142936192
37243114752
60319068416
37243114880
50923827456
60319068544
37142936064
50923827584
55621448064
46538177024
46538177152
41840556544
41840556672
51235797504
27747695104
51235797632
65016689024
32545494272
32445315584
55933418112
32445315712
65016688896
27747695232
32545494400
55933417984
23050074624
23050074752
4109446912
2845588224
4109447040
65328658944
60631038464
7543208832
65328659072
7543208704
2845588352
60631038592
12240829312
65419342208
65419342080
12240829184
27847873920
56024101120
60721721728
27847873792
18352454144
56024101248
4210038784
4210038912
18352454272
32295169792
13654833664
13654833792
60721721600
32295169920
4251098624
4251098752
51326480640
36992790272
8957213184
6197075584
58083969664
46628860160
8957213312
3957118336
6197075456
3957118208
57870900736
57870900864
16938449664
51326480768
27597549312
58083969536
27597549440
46628860288
16938449792
36992790400
18202308352
68746492672
1499454976
41690410880
64048872192
1499455104
22899928960
23150253312
64048872320
41690410752
22899928832
4259592704
68746492800
23150253440
4259592832
18202308480
54653631232
10894695936
8654738688
8654738816
10894696064
8807067392
29685177984
41931239808
8907659264
53173280256
8807067520
59351251712
59351251840
8907659392
67266141824
62568521216
67266141696
53173280384
41931239680
62568521344
54653631360
29685177856
8948719104
8779460864
49956010880
4081840384
32142841088
13352359168
62781590144
32142841216
49956010752
27545431936
22747600128
8948719232
22747600256
27545431808
26333690752
40560769920
18049979648
48475659776
13504688000
13504687872
24987557504
27445220736
6410144384
8779460992
62781590016
24987557376
48475659904
40560769792
13352359296
21636070272
27445220608
26333690624
4081840512
21636070144
18049979776
6410144256
45258390272
43778039296
67479210624
31165528960
1712523904
53386349184
67479210496
45258390400
64992178048
3975229184
31165528832
53386349056
37233619328
25200626304
15592316416
8672849792
25200626176
43778039424
29898246656
37233619200
8672849664
1712523776
29898246784
64992177920
15592316544
3975229312
67400359424
20289936896
39080418944
35728931712
32535998848
60294557440
31031311104
15805385344
55596936960
22847811456
34382798464
48688728704
67400359552
32535998720
35728931584
34382798336
34595867136
48688728576
55596937088
20289937024
18452632960
36840461568
22847811328
36840461696
31031311232
34595867264
13370470144
13370470272
18452632832
39080418816
60294557568
15805385216
8923174144
18068090752
26467908480
35863149440
35863149312
67613428352
50899316480
67613428224
11107764864
8923174272
26467908352
11107764736
50899316608
62702738944
62702739072
18068090624
21770288000
21770287872
46163923840
39293487744
39293487616
27373441792
27373441920
20503005696
62915807744
8582959872
41466303232
4057329408
41538082176
3991157248
41466303360
20503005824
4057329536
22675821312
8754949888
62915807872
3885339520
32071062272
8754950016
32071062400
8688777856
13280580352
13280580480
22675821440
46163923712
3885339392
3991157376
36768682752
36768682880
17978200832
17978200960
8582960000
41538082048
8688777728
13646339712
13646339584
40426552192
40426552064
18084018688
22765711232
18174701952
27479259776
22765711104
58005118592
27479259648
13477081344
32243052416
51085651840
4225553792
18150190848
18150190976
3788893952
32243052288
58005118464
18084018816
22781639296
46235702528
46235702656
50861544192
51085651712
43991108096
13386398336
3788894080
45124172672
43991108224
45124172544
32176880256
13386398208
4225553664
50861544320
13477081472
18174701824
22781639168
32176880128
18343960064
13452570496
13605279744
13605279872
13620794752
55783272192
36940672896
13755012480
18343960192
55783272320
49821793152
17072667392
13452570368
36940672768
49821793024
23016035712
36874500608
46388031360
60480892800
60480892672
13755012352
13620794624
23016035584
17072667520
46388031232
36874500736
41638293376
8486514432
8486514560
41638293248
65312730880
13184135040
58218187264
59217033984
54519413632
59217034112
27713656064
65178513280
27713656192
27838378368
60256785280
54519413504
55559164672
27838378240
17881755392
46201696000
64954405760
18302900352
65312731008
46201696128
64954405632
18302900224
58218187392
65178513152
17881755520
53307497984
60256785152
53307498112
13184134912
55559164800
63914654464
55630943616
65454382592
41572121088
65044295424
41572121216
65162749824
63914654592
50933323008
68612275072
65454382720
68612274944
65162749696
60615110400
41504075520
60615110528
53520566912
36806455168
55630943488
53520566784
23041580544
50933323136
23041580672
55917489920
55917490048
41504075648
36806455040
65044295552
12375046912
60465129344
2979806080
7677426560
46269741696
68087901184
27463331712
46269741568
50967362048
50967362176
60465129216
55664982656
55664982528
9057391872
60346674944
60328563968
48609877632
7677426432
60346675072
60328564096
68087901312
65413322752
18318415232
18318415104
27463331584
9057392000
51069888384
2979805952
48609877504
65413322880
12375047040
51069888256
63390280832
23000520832
41556193024
50951433984
18186545024
48822946432
4359771520
18186544896
63390280704
1714068608
55767508736
36858572672
55649054464
60362603136
44125325824
32279406464
36858572544
46253813504
1714068480
43912257152
22884165504
65026184576
43912257024
55649054592
50951434112
32279406336
41556193152
46253813632
22884165376
51219869568
22579376000
32411276544
22579375872
65026184448
9017845120
49297419264
60756762112
4359771392
46522248960
32411276672
44125325952
46522249088
60362603008
55767508864
13488924544
13488924416
51219869440
60756762240
49297419392
9017844992
4320224512
4320224640
48822946304
23000520704
27739201024
27581785984
46663900672
51361521280
51361521152
44599798912
56059141760
36977026944
44599798784
56059141632
27698141312
22872322432
27581785856
37108897024
32108834688
58692660224
46372267904
58692660352
36977026816
46372267776
37108897152
27739201152
22872322304
55731154688
27698141184
55731154816
41674647424
46663900800
32108834560
39214636672
41674647296
39214636544
39427705344
34517016192
46335913856
8791303936
60715702400
60715702272
4093683584
7419110400
39902178304
6411689088
11582237824
13715465600
16814351488
34517016064
39427705472
11582237696
8791304064
65060223616
4093683456
46335913728
6411688960
65060223488
16814351360
2721490048
53995039872
7419110528
13715465472
12116730880
39902178432
53995039744
2721489920
12116731008
21511971968
11109309440
32436821504
16279858176
41806517504
16279858304
23140757760
41806517632
26209592448
35204557824
30907212800
35204557952
56018081792
27276996352
27276996480
30907212928
46504137984
6884617216
18413086080
11109309568
26209592320
46504138112
32436821632
56018081920
23140757888
18413085952
6884617344
32160952064
21511971840
32160952192
25675099264
27569942912
25675099136
2186996864
2186996736
60428775296
37134442112
51033534336
30372719616
18443137408
8620732160
18443137280
60428775168
27569942784
8620732288
20977478784
65126395776
15806929920
51033534208
13318352768
13318352640
20977478656
30372719744
15806930048
65126395648
21111696384
21111696512
37134441984
3923111680
35604833280
3806471808
32395761664
44197145728
32375068672
16011422848
29819395584
11716455424
16414076032
23110706560
8504092160
23110706432
11716455552
44197145600
32375068800
3806471680
48894766208
22979827712
35604833408
8504092288
48894766080
25809316992
3923111808
41966280320
41966280192
22979827840
34730084864
32395761792
30506937344
16414075904
7018834944
2321214464
30506937472
34730084992
25809316864
16011422720
29819395712
7018835072
2321214592
30104284160
3825248000
20424154752
20424154624
51201758592
20709043200
20709043328
4125374976
30032464384
13201712768
32439834752
25406663680
65260613504
65260613376
18015973120
40302453760
39499525248
18346973184
27677448320
11313802368
39499525120
60562993024
20504550400
30032464512
55899378944
18346973312
29899791360
27411214080
25202171008
13220489088
40302453888
51172510080
27411214208
25202170880
25121775104
17918109440
22615730048
11313802240
45000074240
51172509952
22615729920
18015973248
4125375104
29899791488
60562992896
20504550528
55870130560
45000074368
30104284288
8522868608
3825248128
27677448192
55899379072
8522868480
32439834624
17918109568
13220488960
25406663808
13201712640
51201758464
55870130432
25121775232
46532696192
8951732352
23044593664
46474889600
49428976128
63521837696
18282207232
4254111744
34801904640
65265371520
41406211840
58824217216
49428976256
34801904768
49697694848
63790556160
13649352704
39295032448
40033735168
54126596608
59092935680
44731355648
27742214144
44731355776
36708591488
22713593600
49697694720
41835075584
41406211968
20637223552
58824217088
60567750912
41835075712
59092935808
54395315328
54395315200
4189345792
54126596736
8951732224
37137455232
53592386688
4189345920
65265371392
23044593792
4254111872
27808327040
63521837568
6616181760
27742214272
68219458176
53592386560
32267563392
35336114816
32010971008
22713593728
18282207360
25334843904
32010970880
67816804864
51320461312
35336114688
51320461440
39295032320
67816804992
27808326912
60567751040
46474889472
46532696064
25334844032
27313350400
32267563264
13649352832
63790556288
20637223424
68219458048
6616181888
36708591360
40033735296
27313350528
37137455104
37072689280
45551433088
55863171072
36965183872
45551432960
48690273408
50249053440
41777268992
35070340224
46622840832
13584586752
37093382272
60596999552
46622840960
43992652928
58085514240
37093382144
36965183744
8886966272
4394541184
13745516800
60596999424
13745516928
30638494336
41824628608
58290007040
30638494208
43992652800
41770309760
55863171200
17899333248
8886966400
17899333120
4394541056
37072689152
41824628480
50249053568
58085514368
58290007168
13584586880
48690273280
41770309632
41777269120
35070340096
4074907136
51165550592
65258412032
59644294400
63119184512
9047896448
9092161536
53387893760
31974616960
34597411968
64341915008
55865372544
1918561280
53387893888
34597411840
37127008000
46103832448
22596953728
9047896320
55865372416
65294619904
54946674048
31974616832
37127008128
62987627648
54946673920
60560791680
22596953600
4074907264
51165550720
59644294528
9092161664
46467930240
1918561408
63119184384
60560791552
46103832320
62987627520
65258412160
65294620032
64341914880
46467930112
36989356416
36989356288
67685248000
25940873856
51230316544
22896494848
67480755328
13367036160
37079648640
32382028160
46384597248
55927937024
21243253376
8822995584
27594115328
8822995456
41662804352
41662804224
58421564032
37079648512
16008761856
4238018176
41791002624
55927937152
21243253248
46384597376
27594115456
62783134848
58421563904
13367036288
51082217728
40853812480
40853812608
41791002752
53723943552
15726534272
51082217856
67685248128
51230316672
16008761984
32382028032
62783134720
15726534144
32291735936
67480755200
65150906624
15939602944
4238018048
15939603072
25940873728
32505947392
53723943424
65150906752
22896494976
32291735808
32505947520
4373803008
64894314368
27612581120
55755665792
60196693760
60477458816
51058045312
13486577024
4350275840
3841011584
13486576896
11311141504
41686976896
3841011456
55755665664
8618530944
