5
106
34
125
120
213
77
189
88
118
117
74
75
2
81
66
1
52
70
6
8
9
178
76
167
170
26
1242
73
71
109
133
31
48
2701
12989
5921
174
169
51
128
21037
54
7869
14994
148
122
154
195
1794
6131
5089
509
5609
3046
2705
5867
6053
6098
2838
5954
30
4869
740
592
4736
114
2014
2380
5261
5645
111
1662
2379
4361
1430
6127
4402
1161
3892
94
884
6025
5756
3064
43
3062
59
2260
7948
2915
3312
5102
5942
3140
1545
983
9891
5158
4305
1263
12304
217
1683
60
2112
39
4672
3481
3468
146
1846
18220
1927
5578
3342
79
2162
17872
584
17172
828
10499
202
14
150
5420
19031
1961
12248
483
2531
2073
61
6039
83
671
19288
1230
5544
2011
1421
187
1459
14453
1534
175
6841
1962
15
89
760
14357
3899
3556
5996
14087
655
5430
20308
2155
14838
2903
21114
207
4837
2010
4824
13151
57
5649
3181
15621
17
1160
1293
5706
3705
2850
25
87
7308
998
6112
211
11246
4372
18526
14559
191
2929
765
631
4792
872
1492
4573
37
7581
5504
18525
5531
18815
2737
2165
571
4901
13305
3816
5040
19122
201
163
17099
20334
2036
888
20766
7202
4547
19650
46
7148
225427
1082
227337
246
21192
1644
3387
5505
47055
385
12271
425
1267
2570
13875
9264
13222
13652
5267
5002
17820
18609
1646
13230
15011
21228
19384
3090
153
167494
4931
4448
2628
0
15440
3374
18980
5546
15512
102
5337
5323
212824
502
13605
6287
197
271006
318
5510
10062
264257
2350
123113
14936
3322
548
18640
16787
205676
4585
5635
6142
21869
72
137523
15798
151851
228804
17174
78314
15208
14430
5331
53951
242093
11922
6523
10114
66425
3708
178798
3257
19386
9923
2885
865
115532
892
8857
2615
2879
202325
14426
13837
20824
12182
5326
17978
108946
198607
6998
1190
2681
123649
19691
179845
5589
19293
17293
113895
188872
57757
6696
18286
7808
1044
15928
27
147
18529
4447
5444
162761
12885
810
207125
2207
115341
96336
9741
124
85977
58191
6273
3933
116339
192705
3669
976
473619
2213
9476
14334
6188
19529
18250
3825
5667
252850
1731
17195
2878
11687
15142
20891
2188
1210
91
13500
3934
216
3922
15245
13144
94649
87756
61897
9909
2253
121233
206137
9697
144529
6145
17718
231317
3480
14156
268791
186525
13581
331
15969
10709
15003
176
173
183938
170417
270590
17405
8382
281949
626
8873
32196
13420
4537
32479
28789
155899
123
3704
2081
15972
17389
44267
130
44140
20292
16514
69181
20333
21237
78248
154679
10728
9688
8806
918
20344
14067
8839
5537
864
20097
20230
16723
49207
249563
14243
19716
1358
73118
7733
302
238148
12219
42800
110388
3133
172
146150
1373
193233
11378
6391
7874
161172
195247
210313
1386
303
179
4327
16826
29852
145
15257
153341
105377
282088
8324
109983
12001
101217
11892
23794
7461
14762
11875
2290
193640
3157
29972
11530
2989
12723
1405
129900
129811
929
21621
6119
278194
12828
5463
3767
14023
11706
53897
15151
1072
269711
111755
15556
503
7234
174114
4568
21346
18791
230271
74784
1841
19389
15229
2935
99996
4321
3972
16985
15662
108340
13245
185015
5874
9448
8837
4671
3187
138786
202735
8706
856
8525
9408
264854
20049
15904
152
4389
2533
8399
19382
71889
143363
133227
339
2503
17342
8911
16601
157217
21130
14330
53
551
58631
4051
43569
12224
4014
186105
11322
245519
1642
417
115610
4285
61989
5728
1296
5738
40281
4661
16401
17651
2408
9553
17922
2916
4360
175085
84323
219306
5523
19007
4527
53782
85325
158841
266030
356
7014
52641
46459
2324
17480
15791
9369
651
15513
196366
86319
258778
83282
3612
12050
82539
4595
4897
5237
4303
7031
198787
18106
713
3909
3965
82727
29562
5662
11071
15218
19170
21007
17125
98084
1217
162865
1474
16059
8091
171086
1119
19766
11228
5566
15281
10
179119
12093
1058
534
198294
9982
7192
6989
8992
458
12911
4276
226931
8274
5744
143618
116292
104408
128748
19152
224312
16562
99724
18900
14744
4169
19746
40776
7576
17304
18935
13647
19503
35541
69890
4870
104673
252902
12788
133779
12798
152037
40209
52106
6304
4170
3013
65823
84855
17511
6004
12376
170970
4342
18400
9475
79718
30411
12059
19713
4393
172491
120337
170565
12591
5087
4543
14226
8996
3005
4517
15344
164586
17039
6644
188134
1973
1989
21061
110319
14335
121554
232763
15881
201082
54728
43530
225869
4041
454
179565
109583
733
137
1955
32298
109378
583
11949
1964
182722
12857
146200
116247
183886
3643
4763
190660
126416
14569
4616
7334
160482
17896
19392
17197
8924
15625
4969
4208
16714
9092
7783
10381
10507
4363
8249
17482
5394
368
1079
35894
36132
93901
171
18185
130746
17394
21266
14384
20930
12757
140979
218
3280
13229
2138
86699
15809
4725
164753
7805
9214
37021
5518
126710
15016
138693
5368
177912
5171
16199
4983
219058
183
173571
248429
108808
3925
731
3710
4713
136226
63754
216777
217073
25687
7252
17789
19888
144
1853
88017
87248
21835
143010
228541
1871
12247
4294
134369
10902
115594
8410
13127
42352
17572
128571
3594
38484
17103
15455
82747
20444
176804
6976
3656
1402
13205
13309
1149
87299
1182
70743
92746
21657
1248
26865
14836
15496
4479
10742
17969
19063
11113
12
14750
19962
16097
216245
7161
17171
6222
106268
484
227017
14293
17264
18522
217771
4042
660
1330
9316
10108
13852
273866
23609
13900
27703
11570
17815
16046
236564
144103
20463
14810
897
202710
92756
57220
7918
17044
7550
65
17238
269766
58043
13343
13929
235370
109656
12758
188877
69
2192
6796
4085
18134
111396
19807
70449
67142
748
18662
11015
55461
1016
8296
2148
14028
3275
152132
13631
10741
17362
141500
16929
2143
16638
249449
7945
4526
21410
1886
16305
3631
7721
16164
97988
142204
977
131194
6019
3495
63773
151572
9329
84
81743
16565
206818
2383
273435
104804
17895
192247
13328
108575
177277
21788
148465
43789
19042
28870
822
112116
30499
10529
8352
208698
20233
20906
20923
16702
